113530046.014648
113530058.014709
113530070.014771
113530082.014832
113530094.014893
113530106.014954
113530118.015015
113530130.015076
113530142.015137
113530154.015198
113530166.015259
113530178.015320
113530190.015381
113530202.015442
113530214.015503
113530226.015564
113530238.015625
113530250.015686
113530262.015747
113530274.015808
113530286.015869
113530298.015930
113530310.015991
113530322.016052
113530334.016113
113530346.016174
113530358.016235
113530370.016296
113530382.016357
113530394.016418
113530406.016479
113530418.016541
113530430.016602
113530442.016663
113530454.016724
113530466.016785
113530478.016846
113530490.016907
113530502.016968
113530514.017029
113530526.017090
113530538.017151
113530550.017212
113530562.017273
113530574.017334
113530586.017395
113530598.017456
113530610.017517
113530622.017578
113530634.017639
113530646.017700
113530658.017761
113530670.017822
113530682.017883
113530694.017944
113530706.018005
113530718.018066
113530730.018127
113530742.018188
113530754.018250
