113529326.010986
113529338.011047
113529350.011108
113529362.011169
113529374.011230
113529386.011292
113529398.011353
113529410.011414
113529422.011475
113529434.011536
113529446.011597
113529458.011658
113529470.011719
113529482.011780
113529494.011841
113529506.011902
113529518.011963
113529530.012024
113529542.012085
113529554.012146
113529566.012207
113529578.012268
113529590.012329
113529602.012390
113529614.012451
113529626.012512
113529638.012573
113529650.012634
113529662.012695
113529674.012756
113529686.012817
113529698.012878
113529710.012939
113529722.013000
113529734.013062
113529746.013123
113529758.013184
113529770.013245
113529782.013306
113529794.013367
113529806.013428
113529818.013489
113529830.013550
113529842.013611
113529854.013672
113529866.013733
113529878.013794
113529890.013855
113529902.013916
113529914.013977
113529926.014038
113529938.014099
113529950.014160
113529962.014221
113529974.014282
113529986.014343
113529998.014404
113530010.014465
113530022.014526
113530034.014587
