113532926.029297
113532938.029358
113532950.029419
113532962.029480
113532974.029541
113532986.029602
113532998.029663
113533010.029724
113533022.029785
113533034.029846
113533046.029907
113533058.029968
113533070.030029
113533082.030090
113533094.030151
113533106.030212
113533118.030273
113533130.030334
113533142.030396
113533154.030457
113533166.030518
113533178.030579
113533190.030640
113533202.030701
113533214.030762
113533226.030823
113533238.030884
113533250.030945
113533262.031006
113533274.031067
113533286.031128
113533298.031189
113533310.031250
113533322.031311
113533334.031372
113533346.031433
113533358.031494
113533370.031555
113533382.031616
113533394.031677
113533406.031738
113533418.031799
113533430.031860
113533442.031921
113533454.031982
113533466.032043
113533478.032104
113533490.032166
113533502.032227
113533514.032288
113533526.032349
113533538.032410
113533550.032471
113533562.032532
113533574.032593
113533586.032654
113533598.032715
113533610.032776
113533622.032837
113533634.032898
