113527166.000000
113527178.000061
113527190.000122
113527202.000183
113527214.000244
113527226.000305
113527238.000366
113527250.000427
113527262.000488
113527274.000549
113527286.000610
113527298.000671
113527310.000732
113527322.000793
113527334.000854
113527346.000916
113527358.000977
113527370.001038
113527382.001099
113527394.001160
113527406.001221
113527418.001282
113527430.001343
113527442.001404
113527454.001465
113527466.001526
113527478.001587
113527490.001648
113527502.001709
113527514.001770
113527526.001831
113527538.001892
113527550.001953
113527562.002014
113527574.002075
113527586.002136
113527598.002197
113527610.002258
113527622.002319
113527634.002380
113527646.002441
113527658.002502
113527670.002563
113527682.002625
113527694.002686
113527706.002747
113527718.002808
113527730.002869
113527742.002930
113527754.002991
113527766.003052
113527778.003113
113527790.003174
113527802.003235
113527814.003296
113527826.003357
113527838.003418
113527850.003479
113527862.003540
113527874.003601
