113535806.043945
113535818.044006
113535830.044067
113535842.044128
113535854.044189
113535866.044250
113535878.044312
113535890.044373
113535902.044434
113535914.044495
113535926.044556
113535938.044617
113535950.044678
113535962.044739
113535974.044800
113535986.044861
113535998.044922
113536010.044983
113536022.045044
113536034.045105
113536046.045166
113536058.045227
113536070.045288
113536082.045349
113536094.045410
113536106.045471
113536118.045532
113536130.045593
113536142.045654
113536154.045715
113536166.045776
113536178.045837
113536190.045898
113536202.045959
113536214.046021
113536226.046082
113536238.046143
113536250.046204
113536262.046265
113536274.046326
113536286.046387
113536298.046448
113536310.046509
113536322.046570
113536334.046631
113536346.046692
113536358.046753
113536370.046814
113536382.046875
113536394.046936
113536406.046997
113536418.047058
113536430.047119
113536442.047180
113536454.047241
113536466.047302
113536478.047363
113536490.047424
113536502.047485
113536514.047546
