113532206.025635
113532218.025696
113532230.025757
113532242.025818
113532254.025879
113532266.025940
113532278.026001
113532290.026062
113532302.026123
113532314.026184
113532326.026245
113532338.026306
113532350.026367
113532362.026428
113532374.026489
113532386.026550
113532398.026611
113532410.026672
113532422.026733
113532434.026794
113532446.026855
113532458.026917
113532470.026978
113532482.027039
113532494.027100
113532506.027161
113532518.027222
113532530.027283
113532542.027344
113532554.027405
113532566.027466
113532578.027527
113532590.027588
113532602.027649
113532614.027710
113532626.027771
113532638.027832
113532650.027893
113532662.027954
113532674.028015
113532686.028076
113532698.028137
113532710.028198
113532722.028259
113532734.028320
113532746.028381
113532758.028442
113532770.028503
113532782.028564
113532794.028625
113532806.028687
113532818.028748
113532830.028809
113532842.028870
113532854.028931
113532866.028992
113532878.029053
113532890.029114
113532902.029175
113532914.029236
