113535086.040283
113535098.040344
113535110.040405
113535122.040466
113535134.040527
113535146.040588
113535158.040649
113535170.040710
113535182.040771
113535194.040833
113535206.040894
113535218.040955
113535230.041016
113535242.041077
113535254.041138
113535266.041199
113535278.041260
113535290.041321
113535302.041382
113535314.041443
113535326.041504
113535338.041565
113535350.041626
113535362.041687
113535374.041748
113535386.041809
113535398.041870
113535410.041931
113535422.041992
113535434.042053
113535446.042114
113535458.042175
113535470.042236
113535482.042297
113535494.042358
113535506.042419
113535518.042480
113535530.042542
113535542.042603
113535554.042664
113535566.042725
113535578.042786
113535590.042847
113535602.042908
113535614.042969
113535626.043030
113535638.043091
113535650.043152
113535662.043213
113535674.043274
113535686.043335
113535698.043396
113535710.043457
113535722.043518
113535734.043579
113535746.043640
113535758.043701
113535770.043762
113535782.043823
113535794.043884
