113531486.021973
113531498.022034
113531510.022095
113531522.022156
113531534.022217
113531546.022278
113531558.022339
113531570.022400
113531582.022461
113531594.022522
113531606.022583
113531618.022644
113531630.022705
113531642.022766
113531654.022827
113531666.022888
113531678.022949
113531690.023010
113531702.023071
113531714.023132
113531726.023193
113531738.023254
113531750.023315
113531762.023376
113531774.023438
113531786.023499
113531798.023560
113531810.023621
113531822.023682
113531834.023743
113531846.023804
113531858.023865
113531870.023926
113531882.023987
113531894.024048
113531906.024109
113531918.024170
113531930.024231
113531942.024292
113531954.024353
113531966.024414
113531978.024475
113531990.024536
113532002.024597
113532014.024658
113532026.024719
113532038.024780
113532050.024841
113532062.024902
113532074.024963
113532086.025024
113532098.025085
113532110.025146
113532122.025208
113532134.025269
113532146.025330
113532158.025391
113532170.025452
113532182.025513
113532194.025574
