113527166.000000
113527178.000061
113527190.000122
113527202.000183
113527214.000244
113527226.000305
113527238.000366
113527250.000427
113527262.000488
113527274.000549
113527286.000610
113527298.000671
113527310.000732
113527322.000793
113527334.000854
113527346.000916
113527358.000977
113527370.001038
113527382.001099
113527394.001160
113527406.001221
113527418.001282
113527430.001343
113527442.001404
113527454.001465
113527466.001526
113527478.001587
113527490.001648
113527502.001709
113527514.001770
113527526.001831
113527538.001892
113527550.001953
113527562.002014
113527574.002075
113527586.002136
113527598.002197
113527610.002258
113527622.002319
113527634.002380
113527646.002441
113527658.002502
113527670.002563
113527682.002625
113527694.002686
113527706.002747
113527718.002808
113527730.002869
113527742.002930
113527754.002991
113527766.003052
113527778.003113
113527790.003174
113527802.003235
113527814.003296
113527826.003357
113527838.003418
113527850.003479
113527862.003540
113527874.003601
113527886.003662
113527898.003723
113527910.003784
113527922.003845
113527934.003906
113527946.003967
113527958.004028
113527970.004089
113527982.004150
113527994.004211
113528006.004272
113528018.004333
113528030.004395
113528042.004456
113528054.004517
113528066.004578
113528078.004639
113528090.004700
113528102.004761
113528114.004822
113528126.004883
113528138.004944
113528150.005005
113528162.005066
113528174.005127
113528186.005188
113528198.005249
113528210.005310
113528222.005371
113528234.005432
113528246.005493
113528258.005554
113528270.005615
113528282.005676
113528294.005737
113528306.005798
113528318.005859
113528330.005920
113528342.005981
113528354.006042
113528366.006104
113528378.006165
113528390.006226
113528402.006287
113528414.006348
113528426.006409
113528438.006470
113528450.006531
113528462.006592
113528474.006653
113528486.006714
113528498.006775
113528510.006836
113528522.006897
113528534.006958
113528546.007019
113528558.007080
113528570.007141
113528582.007202
113528594.007263
113528606.007324
113528618.007385
113528630.007446
113528642.007507
113528654.007568
113528666.007629
113528678.007690
113528690.007751
113528702.007812
113528714.007874
113528726.007935
113528738.007996
113528750.008057
113528762.008118
113528774.008179
113528786.008240
113528798.008301
113528810.008362
113528822.008423
113528834.008484
113528846.008545
113528858.008606
113528870.008667
113528882.008728
113528894.008789
113528906.008850
113528918.008911
113528930.008972
113528942.009033
113528954.009094
113528966.009155
113528978.009216
113528990.009277
113529002.009338
113529014.009399
113529026.009460
113529038.009521
113529050.009583
113529062.009644
113529074.009705
113529086.009766
113529098.009827
113529110.009888
113529122.009949
113529134.010010
113529146.010071
113529158.010132
113529170.010193
113529182.010254
113529194.010315
113529206.010376
113529218.010437
113529230.010498
113529242.010559
113529254.010620
113529266.010681
113529278.010742
113529290.010803
113529302.010864
113529314.010925
113529326.010986
113529338.011047
113529350.011108
113529362.011169
113529374.011230
113529386.011292
113529398.011353
113529410.011414
113529422.011475
113529434.011536
113529446.011597
113529458.011658
113529470.011719
113529482.011780
113529494.011841
113529506.011902
113529518.011963
113529530.012024
113529542.012085
113529554.012146
113529566.012207
113529578.012268
113529590.012329
113529602.012390
113529614.012451
113529626.012512
113529638.012573
113529650.012634
113529662.012695
113529674.012756
113529686.012817
113529698.012878
113529710.012939
113529722.013000
113529734.013062
113529746.013123
113529758.013184
113529770.013245
113529782.013306
113529794.013367
113529806.013428
113529818.013489
113529830.013550
113529842.013611
113529854.013672
113529866.013733
113529878.013794
113529890.013855
113529902.013916
113529914.013977
113529926.014038
113529938.014099
113529950.014160
113529962.014221
113529974.014282
113529986.014343
113529998.014404
113530010.014465
113530022.014526
113530034.014587
113530046.014648
113530058.014709
113530070.014771
113530082.014832
113530094.014893
113530106.014954
113530118.015015
113530130.015076
113530142.015137
113530154.015198
113530166.015259
113530178.015320
113530190.015381
113530202.015442
113530214.015503
113530226.015564
113530238.015625
113530250.015686
113530262.015747
113530274.015808
113530286.015869
113530298.015930
113530310.015991
113530322.016052
113530334.016113
113530346.016174
113530358.016235
113530370.016296
113530382.016357
113530394.016418
113530406.016479
113530418.016541
113530430.016602
113530442.016663
113530454.016724
113530466.016785
113530478.016846
113530490.016907
113530502.016968
113530514.017029
113530526.017090
113530538.017151
113530550.017212
113530562.017273
113530574.017334
113530586.017395
113530598.017456
113530610.017517
113530622.017578
113530634.017639
113530646.017700
113530658.017761
113530670.017822
113530682.017883
113530694.017944
113530706.018005
113530718.018066
113530730.018127
113530742.018188
113530754.018250
113530766.018311
113530778.018372
113530790.018433
113530802.018494
113530814.018555
113530826.018616
113530838.018677
113530850.018738
113530862.018799
113530874.018860
113530886.018921
113530898.018982
113530910.019043
113530922.019104
113530934.019165
113530946.019226
113530958.019287
113530970.019348
113530982.019409
113530994.019470
113531006.019531
113531018.019592
113531030.019653
113531042.019714
113531054.019775
113531066.019836
113531078.019897
113531090.019958
113531102.020020
113531114.020081
113531126.020142
113531138.020203
113531150.020264
113531162.020325
113531174.020386
113531186.020447
113531198.020508
113531210.020569
113531222.020630
113531234.020691
113531246.020752
113531258.020813
113531270.020874
113531282.020935
113531294.020996
113531306.021057
113531318.021118
113531330.021179
113531342.021240
113531354.021301
113531366.021362
113531378.021423
113531390.021484
113531402.021545
113531414.021606
113531426.021667
113531438.021729
113531450.021790
113531462.021851
113531474.021912
113531486.021973
113531498.022034
113531510.022095
113531522.022156
113531534.022217
113531546.022278
113531558.022339
113531570.022400
113531582.022461
113531594.022522
113531606.022583
113531618.022644
113531630.022705
113531642.022766
113531654.022827
113531666.022888
113531678.022949
113531690.023010
113531702.023071
113531714.023132
113531726.023193
113531738.023254
113531750.023315
113531762.023376
113531774.023438
113531786.023499
113531798.023560
113531810.023621
113531822.023682
113531834.023743
113531846.023804
113531858.023865
113531870.023926
113531882.023987
113531894.024048
113531906.024109
113531918.024170
113531930.024231
113531942.024292
113531954.024353
113531966.024414
113531978.024475
113531990.024536
113532002.024597
113532014.024658
113532026.024719
113532038.024780
113532050.024841
113532062.024902
113532074.024963
113532086.025024
113532098.025085
113532110.025146
113532122.025208
113532134.025269
113532146.025330
113532158.025391
113532170.025452
113532182.025513
113532194.025574
113532206.025635
113532218.025696
113532230.025757
113532242.025818
113532254.025879
113532266.025940
113532278.026001
113532290.026062
113532302.026123
113532314.026184
113532326.026245
113532338.026306
113532350.026367
113532362.026428
113532374.026489
113532386.026550
113532398.026611
113532410.026672
113532422.026733
113532434.026794
113532446.026855
113532458.026917
113532470.026978
113532482.027039
113532494.027100
113532506.027161
113532518.027222
113532530.027283
113532542.027344
113532554.027405
113532566.027466
113532578.027527
113532590.027588
113532602.027649
113532614.027710
113532626.027771
113532638.027832
113532650.027893
113532662.027954
113532674.028015
113532686.028076
113532698.028137
113532710.028198
113532722.028259
113532734.028320
113532746.028381
113532758.028442
113532770.028503
113532782.028564
113532794.028625
113532806.028687
113532818.028748
113532830.028809
113532842.028870
113532854.028931
113532866.028992
113532878.029053
113532890.029114
113532902.029175
113532914.029236
113532926.029297
113532938.029358
113532950.029419
113532962.029480
113532974.029541
113532986.029602
113532998.029663
113533010.029724
113533022.029785
113533034.029846
113533046.029907
113533058.029968
113533070.030029
113533082.030090
113533094.030151
113533106.030212
113533118.030273
113533130.030334
113533142.030396
113533154.030457
113533166.030518
113533178.030579
113533190.030640
113533202.030701
113533214.030762
113533226.030823
113533238.030884
113533250.030945
113533262.031006
113533274.031067
113533286.031128
113533298.031189
113533310.031250
113533322.031311
113533334.031372
113533346.031433
113533358.031494
113533370.031555
113533382.031616
113533394.031677
113533406.031738
113533418.031799
113533430.031860
113533442.031921
113533454.031982
113533466.032043
113533478.032104
113533490.032166
113533502.032227
113533514.032288
113533526.032349
113533538.032410
113533550.032471
113533562.032532
113533574.032593
113533586.032654
113533598.032715
113533610.032776
113533622.032837
113533634.032898
113533646.032959
113533658.033020
113533670.033081
113533682.033142
113533694.033203
113533706.033264
113533718.033325
113533730.033386
113533742.033447
113533754.033508
113533766.033569
113533778.033630
113533790.033691
113533802.033752
113533814.033813
113533826.033875
113533838.033936
113533850.033997
113533862.034058
113533874.034119
113533886.034180
113533898.034241
113533910.034302
113533922.034363
113533934.034424
113533946.034485
113533958.034546
113533970.034607
113533982.034668
113533994.034729
113534006.034790
113534018.034851
113534030.034912
113534042.034973
113534054.035034
113534066.035095
113534078.035156
113534090.035217
113534102.035278
113534114.035339
113534126.035400
113534138.035461
113534150.035522
113534162.035583
113534174.035645
113534186.035706
113534198.035767
113534210.035828
113534222.035889
113534234.035950
113534246.036011
113534258.036072
113534270.036133
113534282.036194
113534294.036255
113534306.036316
113534318.036377
113534330.036438
113534342.036499
113534354.036560
113534366.036621
113534378.036682
113534390.036743
113534402.036804
113534414.036865
113534426.036926
113534438.036987
113534450.037048
113534462.037109
113534474.037170
113534486.037231
113534498.037292
113534510.037354
113534522.037415
113534534.037476
113534546.037537
113534558.037598
113534570.037659
113534582.037720
113534594.037781
113534606.037842
113534618.037903
113534630.037964
113534642.038025
113534654.038086
113534666.038147
113534678.038208
113534690.038269
113534702.038330
113534714.038391
113534726.038452
113534738.038513
113534750.038574
113534762.038635
113534774.038696
113534786.038757
113534798.038818
113534810.038879
113534822.038940
113534834.039001
113534846.039062
113534858.039124
113534870.039185
113534882.039246
113534894.039307
113534906.039368
113534918.039429
113534930.039490
113534942.039551
113534954.039612
113534966.039673
113534978.039734
113534990.039795
113535002.039856
113535014.039917
113535026.039978
113535038.040039
113535050.040100
113535062.040161
113535074.040222
113535086.040283
113535098.040344
113535110.040405
113535122.040466
113535134.040527
113535146.040588
113535158.040649
113535170.040710
113535182.040771
113535194.040833
113535206.040894
113535218.040955
113535230.041016
113535242.041077
113535254.041138
113535266.041199
113535278.041260
113535290.041321
113535302.041382
113535314.041443
113535326.041504
113535338.041565
113535350.041626
113535362.041687
113535374.041748
113535386.041809
113535398.041870
113535410.041931
113535422.041992
113535434.042053
113535446.042114
113535458.042175
113535470.042236
113535482.042297
113535494.042358
113535506.042419
113535518.042480
113535530.042542
113535542.042603
113535554.042664
113535566.042725
113535578.042786
113535590.042847
113535602.042908
113535614.042969
113535626.043030
113535638.043091
113535650.043152
113535662.043213
113535674.043274
113535686.043335
113535698.043396
113535710.043457
113535722.043518
113535734.043579
113535746.043640
113535758.043701
113535770.043762
113535782.043823
113535794.043884
113535806.043945
113535818.044006
113535830.044067
113535842.044128
113535854.044189
113535866.044250
113535878.044312
113535890.044373
113535902.044434
113535914.044495
113535926.044556
113535938.044617
113535950.044678
113535962.044739
113535974.044800
113535986.044861
113535998.044922
113536010.044983
113536022.045044
113536034.045105
113536046.045166
113536058.045227
113536070.045288
113536082.045349
113536094.045410
113536106.045471
113536118.045532
113536130.045593
113536142.045654
113536154.045715
113536166.045776
113536178.045837
113536190.045898
113536202.045959
113536214.046021
113536226.046082
113536238.046143
113536250.046204
113536262.046265
113536274.046326
113536286.046387
113536298.046448
113536310.046509
113536322.046570
113536334.046631
113536346.046692
113536358.046753
113536370.046814
113536382.046875
113536394.046936
113536406.046997
113536418.047058
113536430.047119
113536442.047180
113536454.047241
113536466.047302
113536478.047363
113536490.047424
113536502.047485
113536514.047546
113536526.047607
113536538.047668
113536550.047729
113536562.047791
113536574.047852
113536586.047913
113536598.047974
113536610.048035
113536622.048096
113536634.048157
113536646.048218
113536658.048279
113536670.048340
113536682.048401
113536694.048462
113536706.048523
113536718.048584
113536730.048645
113536742.048706
113536754.048767
113536766.048828
113536778.048889
113536790.048950
113536802.049011
113536814.049072
113536826.049133
113536838.049194
113536850.049255
113536862.049316
113536874.049377
113536886.049438
113536898.049500
113536910.049561
113536922.049622
113536934.049683
113536946.049744
113536958.049805
113536970.049866
113536982.049927
113536994.049988
113537006.050049
113537018.050110
113537030.050171
113537042.050232
113537054.050293
113537066.050354
113537078.050415
113537090.050476
113537102.050537
113537114.050598
113537126.050659
113537138.050720
113537150.050781
113537162.050842
113537174.050903
113537186.050964
113537198.051025
113537210.051086
113537222.051147
113537234.051208
113537246.051270
113537251.974335
