113533646.032959
113533658.033020
113533670.033081
113533682.033142
113533694.033203
113533706.033264
113533718.033325
113533730.033386
113533742.033447
113533754.033508
113533766.033569
113533778.033630
113533790.033691
113533802.033752
113533814.033813
113533826.033875
113533838.033936
113533850.033997
113533862.034058
113533874.034119
113533886.034180
113533898.034241
113533910.034302
113533922.034363
113533934.034424
113533946.034485
113533958.034546
113533970.034607
113533982.034668
113533994.034729
113534006.034790
113534018.034851
113534030.034912
113534042.034973
113534054.035034
113534066.035095
113534078.035156
113534090.035217
113534102.035278
113534114.035339
113534126.035400
113534138.035461
113534150.035522
113534162.035583
113534174.035645
113534186.035706
113534198.035767
113534210.035828
113534222.035889
113534234.035950
113534246.036011
113534258.036072
113534270.036133
113534282.036194
113534294.036255
113534306.036316
113534318.036377
113534330.036438
113534342.036499
113534354.036560
