113530766.018311
113530778.018372
113530790.018433
113530802.018494
113530814.018555
113530826.018616
113530838.018677
113530850.018738
113530862.018799
113530874.018860
113530886.018921
113530898.018982
113530910.019043
113530922.019104
113530934.019165
113530946.019226
113530958.019287
113530970.019348
113530982.019409
113530994.019470
113531006.019531
113531018.019592
113531030.019653
113531042.019714
113531054.019775
113531066.019836
113531078.019897
113531090.019958
113531102.020020
113531114.020081
113531126.020142
113531138.020203
113531150.020264
113531162.020325
113531174.020386
113531186.020447
113531198.020508
113531210.020569
113531222.020630
113531234.020691
113531246.020752
113531258.020813
113531270.020874
113531282.020935
113531294.020996
113531306.021057
113531318.021118
113531330.021179
113531342.021240
113531354.021301
113531366.021362
113531378.021423
113531390.021484
113531402.021545
113531414.021606
113531426.021667
113531438.021729
113531450.021790
113531462.021851
113531474.021912
