113528606.007324
113528618.007385
113528630.007446
113528642.007507
113528654.007568
113528666.007629
113528678.007690
113528690.007751
113528702.007812
113528714.007874
113528726.007935
113528738.007996
113528750.008057
113528762.008118
113528774.008179
113528786.008240
113528798.008301
113528810.008362
113528822.008423
113528834.008484
113528846.008545
113528858.008606
113528870.008667
113528882.008728
113528894.008789
113528906.008850
113528918.008911
113528930.008972
113528942.009033
113528954.009094
113528966.009155
113528978.009216
113528990.009277
113529002.009338
113529014.009399
113529026.009460
113529038.009521
113529050.009583
113529062.009644
113529074.009705
113529086.009766
113529098.009827
113529110.009888
113529122.009949
113529134.010010
113529146.010071
113529158.010132
113529170.010193
113529182.010254
113529194.010315
113529206.010376
113529218.010437
113529230.010498
113529242.010559
113529254.010620
113529266.010681
113529278.010742
113529290.010803
113529302.010864
113529314.010925
