113534366.036621
113534378.036682
113534390.036743
113534402.036804
113534414.036865
113534426.036926
113534438.036987
113534450.037048
113534462.037109
113534474.037170
113534486.037231
113534498.037292
113534510.037354
113534522.037415
113534534.037476
113534546.037537
113534558.037598
113534570.037659
113534582.037720
113534594.037781
113534606.037842
113534618.037903
113534630.037964
113534642.038025
113534654.038086
113534666.038147
113534678.038208
113534690.038269
113534702.038330
113534714.038391
113534726.038452
113534738.038513
113534750.038574
113534762.038635
113534774.038696
113534786.038757
113534798.038818
113534810.038879
113534822.038940
113534834.039001
113534846.039062
113534858.039124
113534870.039185
113534882.039246
113534894.039307
113534906.039368
113534918.039429
113534930.039490
113534942.039551
113534954.039612
113534966.039673
113534978.039734
113534990.039795
113535002.039856
113535014.039917
113535026.039978
113535038.040039
113535050.040100
113535062.040161
113535074.040222
