113536526.047607
113536538.047668
113536550.047729
113536562.047791
113536574.047852
113536586.047913
113536598.047974
113536610.048035
113536622.048096
113536634.048157
113536646.048218
113536658.048279
113536670.048340
113536682.048401
113536694.048462
113536706.048523
113536718.048584
113536730.048645
113536742.048706
113536754.048767
113536766.048828
113536778.048889
113536790.048950
113536802.049011
113536814.049072
113536826.049133
113536838.049194
113536850.049255
113536862.049316
113536874.049377
113536886.049438
113536898.049500
113536910.049561
113536922.049622
113536934.049683
113536946.049744
113536958.049805
113536970.049866
113536982.049927
113536994.049988
113537006.050049
113537018.050110
113537030.050171
113537042.050232
113537054.050293
113537066.050354
113537078.050415
113537090.050476
113537102.050537
113537114.050598
113537126.050659
113537138.050720
113537150.050781
113537162.050842
113537174.050903
113537186.050964
113537198.051025
113537210.051086
113537222.051147
113537234.051208
