113527886.003662
113527898.003723
113527910.003784
113527922.003845
113527934.003906
113527946.003967
113527958.004028
113527970.004089
113527982.004150
113527994.004211
113528006.004272
113528018.004333
113528030.004395
113528042.004456
113528054.004517
113528066.004578
113528078.004639
113528090.004700
113528102.004761
113528114.004822
113528126.004883
113528138.004944
113528150.005005
113528162.005066
113528174.005127
113528186.005188
113528198.005249
113528210.005310
113528222.005371
113528234.005432
113528246.005493
113528258.005554
113528270.005615
113528282.005676
113528294.005737
113528306.005798
113528318.005859
113528330.005920
113528342.005981
113528354.006042
113528366.006104
113528378.006165
113528390.006226
113528402.006287
113528414.006348
113528426.006409
113528438.006470
113528450.006531
113528462.006592
113528474.006653
113528486.006714
113528498.006775
113528510.006836
113528522.006897
113528534.006958
113528546.007019
113528558.007080
113528570.007141
113528582.007202
113528594.007263
