113527148.000000 113527160.000000
113527160.000061 113527172.000061
113527172.000122 113527184.000122
113527184.000183 113527196.000183
113527196.000244 113527208.000244
113527208.000305 113527220.000305
113527220.000366 113527232.000366
113527232.000427 113527244.000427
113527244.000488 113527256.000488
113527256.000549 113527268.000549
113527268.000610 113527280.000610
113527280.000671 113527292.000671
113527292.000732 113527304.000732
113527304.000793 113527316.000793
113527316.000854 113527328.000854
113527328.000916 113527340.000916
113527340.000977 113527352.000977
113527352.001038 113527364.001038
113527364.001099 113527376.001099
113527376.001160 113527388.001160
113527388.001221 113527400.001221
113527400.001282 113527412.001282
113527412.001343 113527424.001343
113527424.001404 113527436.001404
113527436.001465 113527448.001465
113527448.001526 113527460.001526
113527460.001587 113527472.001587
113527472.001648 113527484.001648
113527484.001709 113527496.001709
113527496.001770 113527508.001770
113527508.001831 113527520.001831
113527520.001892 113527532.001892
113527532.001953 113527544.001953
113527544.002014 113527556.002014
113527556.002075 113527568.002075
113527568.002136 113527580.002136
113527580.002197 113527592.002197
113527592.002258 113527604.002258
113527604.002319 113527616.002319
113527616.002380 113527628.002380
113527628.002441 113527640.002441
113527640.002502 113527652.002502
113527652.002563 113527664.002563
113527664.002625 113527676.002625
113527676.002686 113527688.002686
113527688.002747 113527700.002747
113527700.002808 113527712.002808
113527712.002869 113527724.002869
113527724.002930 113527736.002930
113527736.002991 113527748.002991
113527748.003052 113527760.003052
113527760.003113 113527772.003113
113527772.003174 113527784.003174
113527784.003235 113527796.003235
113527796.003296 113527808.003296
113527808.003357 113527820.003357
113527820.003418 113527832.003418
113527832.003479 113527844.003479
113527844.003540 113527856.003540
113527856.003601 113527868.003601
113527868.003662 113527880.003662
113527880.003723 113527892.003723
113527892.003784 113527904.003784
113527904.003845 113527916.003845
113527916.003906 113527928.003906
113527928.003967 113527940.003967
113527940.004028 113527952.004028
113527952.004089 113527964.004089
113527964.004150 113527976.004150
113527976.004211 113527988.004211
113527988.004272 113528000.004272
113528000.004333 113528012.004333
113528012.004395 113528024.004395
113528024.004456 113528036.004456
113528036.004517 113528048.004517
113528048.004578 113528060.004578
113528060.004639 113528072.004639
113528072.004700 113528084.004700
113528084.004761 113528096.004761
113528096.004822 113528108.004822
113528108.004883 113528120.004883
113528120.004944 113528132.004944
113528132.005005 113528144.005005
113528144.005066 113528156.005066
113528156.005127 113528168.005127
113528168.005188 113528180.005188
113528180.005249 113528192.005249
113528192.005310 113528204.005310
113528204.005371 113528216.005371
113528216.005432 113528228.005432
113528228.005493 113528240.005493
113528240.005554 113528252.005554
113528252.005615 113528264.005615
113528264.005676 113528276.005676
113528276.005737 113528288.005737
113528288.005798 113528300.005798
113528300.005859 113528312.005859
113528312.005920 113528324.005920
113528324.005981 113528336.005981
113528336.006042 113528348.006042
113528348.006104 113528360.006104
113528360.006165 113528372.006165
113528372.006226 113528384.006226
113528384.006287 113528396.006287
113528396.006348 113528408.006348
113528408.006409 113528420.006409
113528420.006470 113528432.006470
113528432.006531 113528444.006531
113528444.006592 113528456.006592
113528456.006653 113528468.006653
113528468.006714 113528480.006714
113528480.006775 113528492.006775
113528492.006836 113528504.006836
113528504.006897 113528516.006897
113528516.006958 113528528.006958
113528528.007019 113528540.007019
113528540.007080 113528552.007080
113528552.007141 113528564.007141
113528564.007202 113528576.007202
113528576.007263 113528588.007263
113528588.007324 113528600.007324
113528600.007385 113528612.007385
113528612.007446 113528624.007446
113528624.007507 113528636.007507
113528636.007568 113528648.007568
113528648.007629 113528660.007629
113528660.007690 113528672.007690
113528672.007751 113528684.007751
113528684.007812 113528696.007812
113528696.007874 113528708.007874
113528708.007935 113528720.007935
113528720.007996 113528732.007996
113528732.008057 113528744.008057
113528744.008118 113528756.008118
113528756.008179 113528768.008179
113528768.008240 113528780.008240
113528780.008301 113528792.008301
113528792.008362 113528804.008362
113528804.008423 113528816.008423
113528816.008484 113528828.008484
113528828.008545 113528840.008545
113528840.008606 113528852.008606
113528852.008667 113528864.008667
113528864.008728 113528876.008728
113528876.008789 113528888.008789
113528888.008850 113528900.008850
113528900.008911 113528912.008911
113528912.008972 113528924.008972
113528924.009033 113528936.009033
113528936.009094 113528948.009094
113528948.009155 113528960.009155
113528960.009216 113528972.009216
113528972.009277 113528984.009277
113528984.009338 113528996.009338
113528996.009399 113529008.009399
113529008.009460 113529020.009460
113529020.009521 113529032.009521
113529032.009583 113529044.009583
113529044.009644 113529056.009644
113529056.009705 113529068.009705
113529068.009766 113529080.009766
113529080.009827 113529092.009827
113529092.009888 113529104.009888
113529104.009949 113529116.009949
113529116.010010 113529128.010010
113529128.010071 113529140.010071
113529140.010132 113529152.010132
113529152.010193 113529164.010193
113529164.010254 113529176.010254
113529176.010315 113529188.010315
113529188.010376 113529200.010376
113529200.010437 113529212.010437
113529212.010498 113529224.010498
113529224.010559 113529236.010559
113529236.010620 113529248.010620
113529248.010681 113529260.010681
113529260.010742 113529272.010742
113529272.010803 113529284.010803
113529284.010864 113529296.010864
113529296.010925 113529308.010925
113529308.010986 113529320.010986
113529320.011047 113529332.011047
113529332.011108 113529344.011108
113529344.011169 113529356.011169
113529356.011230 113529368.011230
113529368.011292 113529380.011292
113529380.011353 113529392.011353
113529392.011414 113529404.011414
113529404.011475 113529416.011475
113529416.011536 113529428.011536
113529428.011597 113529440.011597
113529440.011658 113529452.011658
113529452.011719 113529464.011719
113529464.011780 113529476.011780
113529476.011841 113529488.011841
113529488.011902 113529500.011902
113529500.011963 113529512.011963
113529512.012024 113529524.012024
113529524.012085 113529536.012085
113529536.012146 113529548.012146
113529548.012207 113529560.012207
113529560.012268 113529572.012268
113529572.012329 113529584.012329
113529584.012390 113529596.012390
113529596.012451 113529608.012451
113529608.012512 113529620.012512
113529620.012573 113529632.012573
113529632.012634 113529644.012634
113529644.012695 113529656.012695
113529656.012756 113529668.012756
113529668.012817 113529680.012817
113529680.012878 113529692.012878
113529692.012939 113529704.012939
113529704.013000 113529716.013000
113529716.013062 113529728.013062
113529728.013123 113529740.013123
113529740.013184 113529752.013184
113529752.013245 113529764.013245
113529764.013306 113529776.013306
113529776.013367 113529788.013367
113529788.013428 113529800.013428
113529800.013489 113529812.013489
113529812.013550 113529824.013550
113529824.013611 113529836.013611
113529836.013672 113529848.013672
113529848.013733 113529860.013733
113529860.013794 113529872.013794
113529872.013855 113529884.013855
113529884.013916 113529896.013916
113529896.013977 113529908.013977
113529908.014038 113529920.014038
113529920.014099 113529932.014099
113529932.014160 113529944.014160
113529944.014221 113529956.014221
113529956.014282 113529968.014282
113529968.014343 113529980.014343
113529980.014404 113529992.014404
113529992.014465 113530004.014465
113530004.014526 113530016.014526
113530016.014587 113530028.014587
113530028.014648 113530040.014648
113530040.014709 113530052.014709
113530052.014771 113530064.014771
113530064.014832 113530076.014832
113530076.014893 113530088.014893
113530088.014954 113530100.014954
113530100.015015 113530112.015015
113530112.015076 113530124.015076
113530124.015137 113530136.015137
113530136.015198 113530148.015198
113530148.015259 113530160.015259
113530160.015320 113530172.015320
113530172.015381 113530184.015381
113530184.015442 113530196.015442
113530196.015503 113530208.015503
113530208.015564 113530220.015564
113530220.015625 113530232.015625
113530232.015686 113530244.015686
113530244.015747 113530256.015747
113530256.015808 113530268.015808
113530268.015869 113530280.015869
113530280.015930 113530292.015930
113530292.015991 113530304.015991
113530304.016052 113530316.016052
113530316.016113 113530328.016113
113530328.016174 113530340.016174
113530340.016235 113530352.016235
113530352.016296 113530364.016296
113530364.016357 113530376.016357
113530376.016418 113530388.016418
113530388.016479 113530400.016479
113530400.016541 113530412.016541
113530412.016602 113530424.016602
113530424.016663 113530436.016663
113530436.016724 113530448.016724
113530448.016785 113530460.016785
113530460.016846 113530472.016846
113530472.016907 113530484.016907
113530484.016968 113530496.016968
113530496.017029 113530508.017029
113530508.017090 113530520.017090
113530520.017151 113530532.017151
113530532.017212 113530544.017212
113530544.017273 113530556.017273
113530556.017334 113530568.017334
113530568.017395 113530580.017395
113530580.017456 113530592.017456
113530592.017517 113530604.017517
113530604.017578 113530616.017578
113530616.017639 113530628.017639
113530628.017700 113530640.017700
113530640.017761 113530652.017761
113530652.017822 113530664.017822
113530664.017883 113530676.017883
113530676.017944 113530688.017944
113530688.018005 113530700.018005
113530700.018066 113530712.018066
113530712.018127 113530724.018127
113530724.018188 113530736.018188
113530736.018250 113530748.018250
113530748.018311 113530760.018311
113530760.018372 113530772.018372
113530772.018433 113530784.018433
113530784.018494 113530796.018494
113530796.018555 113530808.018555
113530808.018616 113530820.018616
113530820.018677 113530832.018677
113530832.018738 113530844.018738
113530844.018799 113530856.018799
113530856.018860 113530868.018860
113530868.018921 113530880.018921
113530880.018982 113530892.018982
113530892.019043 113530904.019043
113530904.019104 113530916.019104
113530916.019165 113530928.019165
113530928.019226 113530940.019226
113530940.019287 113530952.019287
113530952.019348 113530964.019348
113530964.019409 113530976.019409
113530976.019470 113530988.019470
113530988.019531 113531000.019531
113531000.019592 113531012.019592
113531012.019653 113531024.019653
113531024.019714 113531036.019714
113531036.019775 113531048.019775
113531048.019836 113531060.019836
113531060.019897 113531072.019897
113531072.019958 113531084.019958
113531084.020020 113531096.020020
113531096.020081 113531108.020081
113531108.020142 113531120.020142
113531120.020203 113531132.020203
113531132.020264 113531144.020264
113531144.020325 113531156.020325
113531156.020386 113531168.020386
113531168.020447 113531180.020447
113531180.020508 113531192.020508
113531192.020569 113531204.020569
113531204.020630 113531216.020630
113531216.020691 113531228.020691
113531228.020752 113531240.020752
113531240.020813 113531252.020813
113531252.020874 113531264.020874
113531264.020935 113531276.020935
113531276.020996 113531288.020996
113531288.021057 113531300.021057
113531300.021118 113531312.021118
113531312.021179 113531324.021179
113531324.021240 113531336.021240
113531336.021301 113531348.021301
113531348.021362 113531360.021362
113531360.021423 113531372.021423
113531372.021484 113531384.021484
113531384.021545 113531396.021545
113531396.021606 113531408.021606
113531408.021667 113531420.021667
113531420.021729 113531432.021729
113531432.021790 113531444.021790
113531444.021851 113531456.021851
113531456.021912 113531468.021912
113531468.021973 113531480.021973
113531480.022034 113531492.022034
113531492.022095 113531504.022095
113531504.022156 113531516.022156
113531516.022217 113531528.022217
113531528.022278 113531540.022278
113531540.022339 113531552.022339
113531552.022400 113531564.022400
113531564.022461 113531576.022461
113531576.022522 113531588.022522
113531588.022583 113531600.022583
113531600.022644 113531612.022644
113531612.022705 113531624.022705
113531624.022766 113531636.022766
113531636.022827 113531648.022827
113531648.022888 113531660.022888
113531660.022949 113531672.022949
113531672.023010 113531684.023010
113531684.023071 113531696.023071
113531696.023132 113531708.023132
113531708.023193 113531720.023193
113531720.023254 113531732.023254
113531732.023315 113531744.023315
113531744.023376 113531756.023376
113531756.023438 113531768.023438
113531768.023499 113531780.023499
113531780.023560 113531792.023560
113531792.023621 113531804.023621
113531804.023682 113531816.023682
113531816.023743 113531828.023743
113531828.023804 113531840.023804
113531840.023865 113531852.023865
113531852.023926 113531864.023926
113531864.023987 113531876.023987
113531876.024048 113531888.024048
113531888.024109 113531900.024109
113531900.024170 113531912.024170
113531912.024231 113531924.024231
113531924.024292 113531936.024292
113531936.024353 113531948.024353
113531948.024414 113531960.024414
113531960.024475 113531972.024475
113531972.024536 113531984.024536
113531984.024597 113531996.024597
113531996.024658 113532008.024658
113532008.024719 113532020.024719
113532020.024780 113532032.024780
113532032.024841 113532044.024841
113532044.024902 113532056.024902
113532056.024963 113532068.024963
113532068.025024 113532080.025024
113532080.025085 113532092.025085
113532092.025146 113532104.025146
113532104.025208 113532116.025208
113532116.025269 113532128.025269
113532128.025330 113532140.025330
113532140.025391 113532152.025391
113532152.025452 113532164.025452
113532164.025513 113532176.025513
113532176.025574 113532188.025574
113532188.025635 113532200.025635
113532200.025696 113532212.025696
113532212.025757 113532224.025757
113532224.025818 113532236.025818
113532236.025879 113532248.025879
113532248.025940 113532260.025940
113532260.026001 113532272.026001
113532272.026062 113532284.026062
113532284.026123 113532296.026123
113532296.026184 113532308.026184
113532308.026245 113532320.026245
113532320.026306 113532332.026306
113532332.026367 113532344.026367
113532344.026428 113532356.026428
113532356.026489 113532368.026489
113532368.026550 113532380.026550
113532380.026611 113532392.026611
113532392.026672 113532404.026672
113532404.026733 113532416.026733
113532416.026794 113532428.026794
113532428.026855 113532440.026855
113532440.026917 113532452.026917
113532452.026978 113532464.026978
113532464.027039 113532476.027039
113532476.027100 113532488.027100
113532488.027161 113532500.027161
113532500.027222 113532512.027222
113532512.027283 113532524.027283
113532524.027344 113532536.027344
113532536.027405 113532548.027405
113532548.027466 113532560.027466
113532560.027527 113532572.027527
113532572.027588 113532584.027588
113532584.027649 113532596.027649
113532596.027710 113532608.027710
113532608.027771 113532620.027771
113532620.027832 113532632.027832
113532632.027893 113532644.027893
113532644.027954 113532656.027954
113532656.028015 113532668.028015
113532668.028076 113532680.028076
113532680.028137 113532692.028137
113532692.028198 113532704.028198
113532704.028259 113532716.028259
113532716.028320 113532728.028320
113532728.028381 113532740.028381
113532740.028442 113532752.028442
113532752.028503 113532764.028503
113532764.028564 113532776.028564
113532776.028625 113532788.028625
113532788.028687 113532800.028687
113532800.028748 113532812.028748
113532812.028809 113532824.028809
113532824.028870 113532836.028870
113532836.028931 113532848.028931
113532848.028992 113532860.028992
113532860.029053 113532872.029053
113532872.029114 113532884.029114
113532884.029175 113532896.029175
113532896.029236 113532908.029236
113532908.029297 113532920.029297
113532920.029358 113532932.029358
113532932.029419 113532944.029419
113532944.029480 113532956.029480
113532956.029541 113532968.029541
113532968.029602 113532980.029602
113532980.029663 113532992.029663
113532992.029724 113533004.029724
113533004.029785 113533016.029785
113533016.029846 113533028.029846
113533028.029907 113533040.029907
113533040.029968 113533052.029968
113533052.030029 113533064.030029
113533064.030090 113533076.030090
113533076.030151 113533088.030151
113533088.030212 113533100.030212
113533100.030273 113533112.030273
113533112.030334 113533124.030334
113533124.030396 113533136.030396
113533136.030457 113533148.030457
113533148.030518 113533160.030518
113533160.030579 113533172.030579
113533172.030640 113533184.030640
113533184.030701 113533196.030701
113533196.030762 113533208.030762
113533208.030823 113533220.030823
113533220.030884 113533232.030884
113533232.030945 113533244.030945
113533244.031006 113533256.031006
113533256.031067 113533268.031067
113533268.031128 113533280.031128
113533280.031189 113533292.031189
113533292.031250 113533304.031250
113533304.031311 113533316.031311
113533316.031372 113533328.031372
113533328.031433 113533340.031433
113533340.031494 113533352.031494
113533352.031555 113533364.031555
113533364.031616 113533376.031616
113533376.031677 113533388.031677
113533388.031738 113533400.031738
113533400.031799 113533412.031799
113533412.031860 113533424.031860
113533424.031921 113533436.031921
113533436.031982 113533448.031982
113533448.032043 113533460.032043
113533460.032104 113533472.032104
113533472.032166 113533484.032166
113533484.032227 113533496.032227
113533496.032288 113533508.032288
113533508.032349 113533520.032349
113533520.032410 113533532.032410
113533532.032471 113533544.032471
113533544.032532 113533556.032532
113533556.032593 113533568.032593
113533568.032654 113533580.032654
113533580.032715 113533592.032715
113533592.032776 113533604.032776
113533604.032837 113533616.032837
113533616.032898 113533628.032898
113533628.032959 113533640.032959
113533640.033020 113533652.033020
113533652.033081 113533664.033081
113533664.033142 113533676.033142
113533676.033203 113533688.033203
113533688.033264 113533700.033264
113533700.033325 113533712.033325
113533712.033386 113533724.033386
113533724.033447 113533736.033447
113533736.033508 113533748.033508
113533748.033569 113533760.033569
113533760.033630 113533772.033630
113533772.033691 113533784.033691
113533784.033752 113533796.033752
113533796.033813 113533808.033813
113533808.033875 113533820.033875
113533820.033936 113533832.033936
113533832.033997 113533844.033997
113533844.034058 113533856.034058
113533856.034119 113533868.034119
113533868.034180 113533880.034180
113533880.034241 113533892.034241
113533892.034302 113533904.034302
113533904.034363 113533916.034363
113533916.034424 113533928.034424
113533928.034485 113533940.034485
113533940.034546 113533952.034546
113533952.034607 113533964.034607
113533964.034668 113533976.034668
113533976.034729 113533988.034729
113533988.034790 113534000.034790
113534000.034851 113534012.034851
113534012.034912 113534024.034912
113534024.034973 113534036.034973
113534036.035034 113534048.035034
113534048.035095 113534060.035095
113534060.035156 113534072.035156
113534072.035217 113534084.035217
113534084.035278 113534096.035278
113534096.035339 113534108.035339
113534108.035400 113534120.035400
113534120.035461 113534132.035461
113534132.035522 113534144.035522
113534144.035583 113534156.035583
113534156.035645 113534168.035645
113534168.035706 113534180.035706
113534180.035767 113534192.035767
113534192.035828 113534204.035828
113534204.035889 113534216.035889
113534216.035950 113534228.035950
113534228.036011 113534240.036011
113534240.036072 113534252.036072
113534252.036133 113534264.036133
113534264.036194 113534276.036194
113534276.036255 113534288.036255
113534288.036316 113534300.036316
113534300.036377 113534312.036377
113534312.036438 113534324.036438
113534324.036499 113534336.036499
113534336.036560 113534348.036560
113534348.036621 113534360.036621
113534360.036682 113534372.036682
113534372.036743 113534384.036743
113534384.036804 113534396.036804
113534396.036865 113534408.036865
113534408.036926 113534420.036926
113534420.036987 113534432.036987
113534432.037048 113534444.037048
113534444.037109 113534456.037109
113534456.037170 113534468.037170
113534468.037231 113534480.037231
113534480.037292 113534492.037292
113534492.037354 113534504.037354
113534504.037415 113534516.037415
113534516.037476 113534528.037476
113534528.037537 113534540.037537
113534540.037598 113534552.037598
113534552.037659 113534564.037659
113534564.037720 113534576.037720
113534576.037781 113534588.037781
113534588.037842 113534600.037842
113534600.037903 113534612.037903
113534612.037964 113534624.037964
113534624.038025 113534636.038025
113534636.038086 113534648.038086
113534648.038147 113534660.038147
113534660.038208 113534672.038208
113534672.038269 113534684.038269
113534684.038330 113534696.038330
113534696.038391 113534708.038391
113534708.038452 113534720.038452
113534720.038513 113534732.038513
113534732.038574 113534744.038574
113534744.038635 113534756.038635
113534756.038696 113534768.038696
113534768.038757 113534780.038757
113534780.038818 113534792.038818
113534792.038879 113534804.038879
113534804.038940 113534816.038940
113534816.039001 113534828.039001
113534828.039062 113534840.039062
113534840.039124 113534852.039124
113534852.039185 113534864.039185
113534864.039246 113534876.039246
113534876.039307 113534888.039307
113534888.039368 113534900.039368
113534900.039429 113534912.039429
113534912.039490 113534924.039490
113534924.039551 113534936.039551
113534936.039612 113534948.039612
113534948.039673 113534960.039673
113534960.039734 113534972.039734
113534972.039795 113534984.039795
113534984.039856 113534996.039856
113534996.039917 113535008.039917
113535008.039978 113535020.039978
113535020.040039 113535032.040039
113535032.040100 113535044.040100
113535044.040161 113535056.040161
113535056.040222 113535068.040222
113535068.040283 113535080.040283
113535080.040344 113535092.040344
113535092.040405 113535104.040405
113535104.040466 113535116.040466
113535116.040527 113535128.040527
113535128.040588 113535140.040588
113535140.040649 113535152.040649
113535152.040710 113535164.040710
113535164.040771 113535176.040771
113535176.040833 113535188.040833
113535188.040894 113535200.040894
113535200.040955 113535212.040955
113535212.041016 113535224.041016
113535224.041077 113535236.041077
113535236.041138 113535248.041138
113535248.041199 113535260.041199
113535260.041260 113535272.041260
113535272.041321 113535284.041321
113535284.041382 113535296.041382
113535296.041443 113535308.041443
113535308.041504 113535320.041504
113535320.041565 113535332.041565
113535332.041626 113535344.041626
113535344.041687 113535356.041687
113535356.041748 113535368.041748
113535368.041809 113535380.041809
113535380.041870 113535392.041870
113535392.041931 113535404.041931
113535404.041992 113535416.041992
113535416.042053 113535428.042053
113535428.042114 113535440.042114
113535440.042175 113535452.042175
113535452.042236 113535464.042236
113535464.042297 113535476.042297
113535476.042358 113535488.042358
113535488.042419 113535500.042419
113535500.042480 113535512.042480
113535512.042542 113535524.042542
113535524.042603 113535536.042603
113535536.042664 113535548.042664
113535548.042725 113535560.042725
113535560.042786 113535572.042786
113535572.042847 113535584.042847
113535584.042908 113535596.042908
113535596.042969 113535608.042969
113535608.043030 113535620.043030
113535620.043091 113535632.043091
113535632.043152 113535644.043152
113535644.043213 113535656.043213
113535656.043274 113535668.043274
113535668.043335 113535680.043335
113535680.043396 113535692.043396
113535692.043457 113535704.043457
113535704.043518 113535716.043518
113535716.043579 113535728.043579
113535728.043640 113535740.043640
113535740.043701 113535752.043701
113535752.043762 113535764.043762
113535764.043823 113535776.043823
113535776.043884 113535788.043884
113535788.043945 113535800.043945
113535800.044006 113535812.044006
113535812.044067 113535824.044067
113535824.044128 113535836.044128
113535836.044189 113535848.044189
113535848.044250 113535860.044250
113535860.044312 113535872.044312
113535872.044373 113535884.044373
113535884.044434 113535896.044434
113535896.044495 113535908.044495
113535908.044556 113535920.044556
113535920.044617 113535932.044617
113535932.044678 113535944.044678
113535944.044739 113535956.044739
113535956.044800 113535968.044800
113535968.044861 113535980.044861
113535980.044922 113535992.044922
113535992.044983 113536004.044983
113536004.045044 113536016.045044
113536016.045105 113536028.045105
113536028.045166 113536040.045166
113536040.045227 113536052.045227
113536052.045288 113536064.045288
113536064.045349 113536076.045349
113536076.045410 113536088.045410
113536088.045471 113536100.045471
113536100.045532 113536112.045532
113536112.045593 113536124.045593
113536124.045654 113536136.045654
113536136.045715 113536148.045715
113536148.045776 113536160.045776
113536160.045837 113536172.045837
113536172.045898 113536184.045898
113536184.045959 113536196.045959
113536196.046021 113536208.046021
113536208.046082 113536220.046082
113536220.046143 113536232.046143
113536232.046204 113536244.046204
113536244.046265 113536256.046265
113536256.046326 113536268.046326
113536268.046387 113536280.046387
113536280.046448 113536292.046448
113536292.046509 113536304.046509
113536304.046570 113536316.046570
113536316.046631 113536328.046631
113536328.046692 113536340.046692
113536340.046753 113536352.046753
113536352.046814 113536364.046814
113536364.046875 113536376.046875
113536376.046936 113536388.046936
113536388.046997 113536400.046997
113536400.047058 113536412.047058
113536412.047119 113536424.047119
113536424.047180 113536436.047180
113536436.047241 113536448.047241
113536448.047302 113536460.047302
113536460.047363 113536472.047363
113536472.047424 113536484.047424
113536484.047485 113536496.047485
113536496.047546 113536508.047546
113536508.047607 113536520.047607
113536520.047668 113536532.047668
113536532.047729 113536544.047729
113536544.047791 113536556.047791
113536556.047852 113536568.047852
113536568.047913 113536580.047913
113536580.047974 113536592.047974
113536592.048035 113536604.048035
113536604.048096 113536616.048096
113536616.048157 113536628.048157
113536628.048218 113536640.048218
113536640.048279 113536652.048279
113536652.048340 113536664.048340
113536664.048401 113536676.048401
113536676.048462 113536688.048462
113536688.048523 113536700.048523
113536700.048584 113536712.048584
113536712.048645 113536724.048645
113536724.048706 113536736.048706
113536736.048767 113536748.048767
113536748.048828 113536760.048828
113536760.048889 113536772.048889
113536772.048950 113536784.048950
113536784.049011 113536796.049011
113536796.049072 113536808.049072
113536808.049133 113536820.049133
113536820.049194 113536832.049194
113536832.049255 113536844.049255
113536844.049316 113536856.049316
113536856.049377 113536868.049377
113536868.049438 113536880.049438
113536880.049500 113536892.049500
113536892.049561 113536904.049561
113536904.049622 113536916.049622
113536916.049683 113536928.049683
113536928.049744 113536940.049744
113536940.049805 113536952.049805
113536952.049866 113536964.049866
113536964.049927 113536976.049927
113536976.049988 113536988.049988
113536988.050049 113537000.050049
113537000.050110 113537012.050110
113537012.050171 113537024.050171
113537024.050232 113537036.050232
113537036.050293 113537048.050293
113537048.050354 113537060.050354
113537060.050415 113537072.050415
113537072.050476 113537084.050476
113537084.050537 113537096.050537
113537096.050598 113537108.050598
113537108.050659 113537120.050659
113537120.050720 113537132.050720
113537132.050781 113537144.050781
113537144.050842 113537156.050842
113537156.050903 113537168.050903
113537168.050964 113537180.050964
113537180.051025 113537192.051025
113537192.051086 113537204.051086
113537204.051147 113537216.051147
113537216.051208 113537228.051208
113537228.051270 113537240.051270
113537240.051331 113537248.000000